1   41.27248799263635  
9   41.272472503529805  
17   41.27247446926308  
25   41.27248921251183  
33   41.27248643854197  
41   41.27249372788674  
49   41.272494049067966  
57   41.272496774160025  
65   41.27248173864883  
73   41.27249766099753  
81   41.27249941590591  
89   41.27248816106133  
97   41.27249145847091  
105   41.27248872424565  
113   41.272493417338445  
121   41.27248901418386  
129   41.2724798856072  
137   41.27249062802905  
145   41.272493260225644  
153   41.27249067670854  
161   41.272488437269885  
169   41.27249056998345  
177   41.27249426456504  
185   41.27249543438511  
193   41.27249271130095  
201   41.27247607789695  
209   41.272501801179196  
217   41.272485823335884  
225   41.27248193858  
233   41.27248264546511  
241   41.2724960143271  
249   41.27249231080181  
257   41.27248561701999  
265   41.27249130201045  
273   41.272492039983646  
281   41.27249351210916  
289   41.27249304131597  
297   41.27249258959843  
305   41.27249231027803  
313   41.27248805273607  
321   41.27249503027247  
329   41.272492368321466  
337   41.27249266526112  
345   41.2724914906952  
353   41.272503841682024  
361   41.27249116303706  
369   41.27250006959045  
377   41.272487332057814  
385   41.27249338161579  
393   41.27248770851069  
401   41.27248159641324  
409   41.27248507023442  
417   41.27248745756678  
425   41.272494913482845  
433   41.272500383090204  
441   41.27249160048788  
449   41.27248260870274  
457   41.27249516980663  
465   41.272488198847675  
473   41.27248871239102  
481   41.27249769833897  
489   41.27248840105675  
497   41.2724941776788  
505   41.272488960818734  
513   41.27249446629466  
521   41.27249289604065  
529   41.2725010358441  
537   41.27248497701938  
545   41.27249149102422  
553   41.272490931815646  
561   41.2724879414226  
569   41.272487388537044  
577   41.272498466430086  
585   41.272492598547615  
593   41.27249129995885  
601   41.272493953857655  
609   41.27248166688597  
617   41.272482247969975  
625   41.27248230355342  
633   41.27248701353834  
641   41.272485986039165  
649   41.27248980055644  
657   41.272484014380176  
665   41.27248911173602  
673   41.272482835827496  
681   41.27248167435318  
689   41.27248782916645  
697   41.27249589630687  
705   41.27248474036255  
713   41.27249213557078  
721   41.272498551092745  
729   41.27248917397077  
737   41.272493895460286  
745   41.27248251523609  
753   41.2724840423252  
761   41.272485017454336  
769   41.27249983129151  
777   41.27249382810207  
785   41.2724874154336  
793   41.27247647575377  
801   41.27247894802218  
809   41.272486793180406  
817   41.27248579382091  
825   41.27249384372576  
833   41.27249881482178  
841   41.27249890046771  
849   41.27249722257632  
857   41.272496487522346  
865   41.272489843017674  
873   41.272483179054625  
881   41.27248760440078  
889   41.272484162951415  
897   41.272480925833996  
905   41.2724811511959  
913   41.27248481126387  
921   41.27247935760188  
929   41.27248743506142  
937   41.27248738373896  
945   41.27249404129203  
953   41.272480726980874  
961   41.27249264735279  
969   41.272488830164775  
977   41.27249768586482  
985   41.272488206986125  
993   41.27249272402769  
1001   41.27249412086027  
1009   41.27248612032293  
1017   41.272496878613595  
1025   41.27248472402004  
1033   41.272493710542015  
1041   41.272489214685706  
1049   41.272479869187876  
1057   41.272481290605  
1065   41.27249003958143  
1073   41.272493680377515  
1081   41.272480382158186  
1089   41.27249541279368  
1097   41.27249462581167  
1105   41.272485528720054  
1113   41.27249804945277  
1121   41.27250038632695  
1129   41.27249898175459  
1137   41.27248358879345  
1145   41.27249421195582  
1153   41.27248621197895  
1161   41.27248498921571  
1169   41.27248151098881  
1177   41.27249785855477  
1185   41.27248423057482  
1193   41.272488321636445  
1201   41.27247710166285  
1209   41.27248604112378  
1217   41.27249814157419  
1225   41.272488774001836  
1233   41.272486124453756  
1241   41.27248778585658  
1249   41.27249868768997  
1257   41.27249036555704  
1265   41.2724871760569  
1273   41.27248491227858  
1281   41.2724899089781  
1289   41.272492902518124  
1297   41.27250089349062  
1305   41.27249515677186  
1313   41.2724838539652  
1321   41.2724906270108  
1329   41.272490971943775  
1337   41.272500717180584  
1345   41.27248528258342  
1353   41.27248940583961  
1361   41.27248372137599  
1369   41.27249547058418  
1377   41.27249428773819  
1385   41.27248391989368  
1393   41.27249880522528  
1401   41.27249115928936  
1409   41.272490567489776  
1417   41.27250323942103  
1425   41.27249786625128  
1433   41.272490905815935  
1441   41.272490833361005  
1449   41.272495062825406  
1457   41.27250514282162  
1465   41.272475975569826  
1473   41.27248653256343  
1481   41.27249639993853  
1489   41.27248291245327  
1497   41.272493893592646  
1505   41.27250361867423  
1513   41.272503957363  
1521   41.27248570640385  
1529   41.27249136584731  
1537   41.27248941059373  
1545   41.27248017047209  
1553   41.27249719921387  
1561   41.27248513344491  
1569   41.27247955398142  
1577   41.272494656736555  
1585   41.27248566753837  
1593   41.27248984145558  
1601   41.272484774669174  
1609   41.27249133193462  
1617   41.27248791812651  
1625   41.272485360926474  
1633   41.27250043094439  
1641   41.27249472547744  
1649   41.2724914598242  
1657   41.272490238096935  
1665   41.272490736347905  
1673   41.27248886147973  
1681   41.27249283032338  
1689   41.272485000727684  
1697   41.27249352470192  
1705   41.27249305111272  
1713   41.272485128134875  
1721   41.27248687367674  
1729   41.272487030261225  
1737   41.272496770835815  
1745   41.27248970712323  
1753   41.27248952263681  
1761   41.2724916805838  
1769   41.27249297825324  
1777   41.272505438584496  
1785   41.272490666062716  
1793   41.272493420214225  
1801   41.27248168228143  
1809   41.27248947854193  
1817   41.27249483932134  
1825   41.2724898352168  
1833   41.2724907820628  
1841   41.27248648022647  
1849   41.27247668149335  
1857   41.27248317654742  
1865   41.27248301910124  
1873   41.27249308632638  
1881   41.27248634792202  
1889   41.27249491741994  
1897   41.2724845447549  
1905   41.272485227973576  
1913   41.27249273383126  
1921   41.27248579850632  
1929   41.2724904340243  
1937   41.272496222206755  
1945   41.27248445537323  
1953   41.272492959460145  
1961   41.27249481593598  
1969   41.27249935139707  
1977   41.27249293110922  
1985   41.27248541835103  
1993   41.272494957903845  
2001   41.27248815306996  
2009   41.27249555865866  
2017   41.272483854193865  
2025   41.27249480803393  
2033   41.27248902833545  
2041   41.272493465757826  
2049   41.27249045216517  
2057   41.272487885866994  
2065   41.27249163569742  
2073   41.272478874744465  
2081   41.27249149725948  
2089   41.272484514917615  
2097   41.272483351605345  
2105   41.27249478799218  
2113   41.27248637214281  
2121   41.272482063252376  
2129   41.27248901312603  
2137   41.27248122182127  
2145   41.27248542173088  
2153   41.27248447630996  
2161   41.27249020113427  
2169   41.2724866585547  
2177   41.27248451260278  
2185   41.272482309080466  
2193   41.27249063683024  
2201   41.27250022495679  
2209   41.27248160353243  
2217   41.27248915971492  
2225   41.272489142957305  
2233   41.2724980689114  
2241   41.272490690314875  
2249   41.27248543678035  
2257   41.27249069599879  
2265   41.27248673842911  
2273   41.27248743281302  
2281   41.272485675527854  
2289   41.27249059638161  
2297   41.27250179156489  
2305   41.27248406484461  
2313   41.272490818556875  
2321   41.27249304799394  
2329   41.272494724989414  
2337   41.27249124007321  
2345   41.272493225837785  
2353   41.27249839914124  
2361   41.27247791893048  
2369   41.272491074839536  
2377   41.27249363087404  
2385   41.272490055593  
2393   41.27248916618696  
2401   41.27248982492416  
2409   41.272484437217145  
2417   41.272487198014055  
2425   41.272494392900384  
2433   41.27249185573584  
2441   41.27248809891564  
2449   41.272488449348046  
2457   41.27248776344353  
2465   41.27248827621861  
2473   41.272491564904435  
2481   41.27249878140892  
2489   41.2724746289817  
2497   41.27248361590101  
2505   41.27248965898605  
2513   41.27248997114309  
2521   41.27249299520465  
2529   41.27248506998467  
2537   41.27249732537756  
2545   41.272486745161736  
2553   41.27248886852475  
2561   41.272491718022536  
2569   41.272487084081305  
2577   41.27247952589404  
2585   41.27249041011183  
2593   41.27249253364915  
2601   41.27248664664489  
2609   41.27248934884018  
2617   41.272482550546925  
2625   41.27249350695429  
2633   41.27250210399848  
2641   41.27249285501374  
2649   41.27248923207045  
2657   41.27248758361446  
2665   41.272484794055416  
2673   41.272480497270664  
2681   41.27249194590006  
2689   41.27248780079215  
2697   41.272480583815195  
2705   41.27248822283844  
2713   41.272495236186174  
2721   41.272483168338695  
2729   41.27248340662047  
2737   41.272474297726994  
2745   41.272487424922744  
2753   41.27248703490646  
2761   41.2724925713728  
2769   41.27249398108331  
2777   41.272496146806986  
2785   41.272479704125516  
2793   41.27248421225288  
2801   41.272484403636454  
2809   41.27248081194609  
2817   41.27249579079364  
2825   41.272486955683604  
2833   41.27248732058559  
2841   41.27248479893951  
2849   41.27249303245717  
2857   41.272490893955975  
2865   41.272497194919055  
2873   41.272491030028604  
2881   41.272485511736186  
2889   41.272492892841015  
2897   41.27248964594767  
2905   41.272491424806056  
2913   41.27249375717201  
2921   41.272492500103844  
2929   41.27248543287202  
2937   41.27250088299272  
2945   41.2724957339104  
2953   41.27248225002526  
2961   41.27249351505131  
2969   41.272492811157086  
2977   41.272486297665026  
2985   41.27249339042874  
2993   41.27248625595031  
3001   41.2724934380261  
3009   41.27248474986179  
3017   41.272495571145754  
3025   41.27248638677163  
3033   41.27247830562878  
3041   41.27249316601672  
3049   41.27248805759827  
3057   41.272492231454045  
3065   41.272484516642805  
3073   41.27249454026155  
3081   41.272489454268275  
3089   41.27248219384744  
3097   41.27248931099563  
3105   41.27248603003856  
3113   41.272492314591524  
3121   41.272492092344514  
3129   41.27250070990895  
3137   41.27247919883828  
3145   41.27248135878947  
3153   41.272496686606445  
3161   41.27250009972006  
3169   41.272485497606034  
3177   41.27247678692863  
3185   41.27249709282698  
3193   41.27249160521413  
3201   41.27249399316207  
3209   41.2724875035948  
3217   41.272491955087816  
3225   41.27248900765652  
3233   41.27247609348119  
3241   41.272486633389015  
3249   41.27248233639617  
3257   41.27249245450788  
3265   41.27249174426867  
3273   41.27249956828832  
3281   41.27248515445822  
3289   41.27248579981034  
3297   41.27249464239634  
3305   41.272484593789116  
3313   41.27250189134389  
3321   41.27248742661949  
3329   41.272496039814534  
3337   41.2724916870554  
3345   41.27248637055533  
3353   41.27248420762723  
3361   41.27249344061196  
3369   41.27249662484527  
3377   41.27248559738048  
3385   41.272490716360764  
3393   41.27249274096117  
3401   41.27249014390498  
3409   41.2724885558672  
3417   41.27249558352412  
3425   41.272489484512136  
3433   41.27248518640385  
3441   41.27248564311383  
3449   41.272504578541735  
3457   41.27248253719153  
3465   41.27249034113791  
3473   41.27248181850141  
3481   41.27250535959638  
3489   41.27248810017633  
3497   41.27247976088999  
3505   41.27248258325297  
3513   41.27248782652575  
3521   41.27248574881962  
3529   41.272496030578985  
3537   41.27248215627792  
3545   41.27249576057883  
3553   41.27248642550706  
3561   41.27250155510486  
3569   41.272491358706255  
3577   41.272488732567524  
3585   41.27248392974712  
3593   41.272491705560775  
3601   41.27249456116247  
3609   41.27249076198026  
3617   41.27248635117451  
3625   41.27248459085174  
3633   41.272477613524835  
3641   41.27249536288557  
3649   41.27247894974281  
3657   41.27247942940524  
3665   41.27249910628618  
3673   41.272488874848406  
3681   41.27250036551922  
3689   41.27248734112206  
3697   41.27248626691986  
3705   41.27248935202801  
3713   41.272491070931146  
3721   41.2724826829807  
3729   41.27248840832349  
3737   41.27249507041374  
3745   41.27249440416306  
3753   41.27248442073332  
3761   41.27248968756449  
3769   41.27248408236353  
3777   41.27249142048926  
3785   41.27249628832526  
3793   41.27248748100757  
3801   41.272491464310484  
3809   41.27249282674697  
3817   41.27248757948626  
3825   41.27248428653386  
3833   41.2724879920346  
3841   41.2724884607961  
3849   41.27249406097192  
3857   41.27250158890077  
3865   41.272491654027846  
3873   41.27248651173774  
3881   41.27248530756858  
3889   41.27249144810249  
3897   41.272485862898606  
3905   41.27249412826872  
3913   41.272495750978464  
3921   41.27249042784988  
3929   41.27248310155761  
3937   41.27248798808274  
3945   41.27249632612375  
3953   41.27248464009877  
3961   41.27249235284627  
3969   41.27247789943767  
3977   41.27249169064154  
3985   41.27248954617912  
3993   41.272494471340025  
4001   41.2724836907587  
4009   41.272479275046535  
4017   41.27250193555966  
4025   41.27247944536741  
4033   41.27248754877613  
4041   41.27248260553481  
4049   41.27249417119265  
4057   41.27247437033412  
4065   41.272480583227264  
4073   41.27248146039159  
4081   41.272494519099254  
4089   41.27247886872732  
4097   41.27248100851715  
4105   41.272506968471845  
4113   41.27248972641517  
4121   41.27249426220897  
4129   41.27248683186159  
4137   41.272484349414334  
4145   41.27248682654247  
4153   41.27249815823876  
4161   41.27248899549443  
4169   41.27248472452456  
4177   41.27249129956128  
4185   41.27248264170582  
4193   41.27249320360423  
4201   41.27250080423246  
4209   41.27249848273808  
4217   41.27248473421568  
4225   41.27249861856092  
4233   41.272484968920544  
4241   41.27250157241559  
4249   41.27248396278275  
4257   41.27248414231474  
4265   41.272482410931346  
4273   41.27248811198177  
4281   41.27249365372503  
4289   41.27248941806161  
4297   41.272482933474016  
4305   41.27249781484031  
4313   41.2724961698697  
4321   41.27248480827768  
4329   41.27247541891232  
4337   41.27248345049888  
4345   41.27248738956742  
4353   41.27248284179065  
4361   41.27249057083173  
4369   41.27248746421667  
4377   41.27248440628025  
4385   41.27248951485148  
4393   41.27249048850245  
4401   41.2724831678737  
4409   41.2724840447956  
4417   41.27248429298951  
4425   41.27249513726467  
4433   41.272488709478075  
4441   41.27248983123701  
4449   41.272486268705016  
4457   41.27249397728655  
4465   41.27248102762884  
4473   41.27249625856376  
4481   41.27248669957231  
4489   41.272484544011405  
4497   41.27248130991243  
4505   41.27247467850704  
4513   41.27249443677043  
4521   41.27249590567026  
4529   41.27249563402405  
4537   41.27249881071754  
4545   41.27248508329513  
4553   41.272493447096984  
4561   41.27248778754402  
4569   41.2724897847425  
4577   41.27248973014356  
4585   41.27248920247727  
4593   41.27249561687263  
4601   41.27249122556416  
4609   41.272482662064355  
4617   41.272485985107494  
4625   41.272482635809716  
4633   41.2725013289437  
4641   41.272493288165585  
4649   41.27250702315827  
4657   41.27248989119417  
4665   41.27249216308021  
4673   41.27248235761553  
4681   41.27249252241703  
4689   41.27249153455338  
4697   41.27248735891003  
4705   41.27248352450517  
4713   41.27247980274665  
4721   41.27247914385794  
4729   41.27248302359996  
4737   41.272483950849306  
4745   41.27249271567978  
4753   41.27248801197862  
4761   41.27248893475405  
4769   41.27249039992715  
4777   41.272488761997636  
4785   41.27250170085179  
4793   41.272488991721325  
4801   41.27248343927047  
4809   41.2724927911937  
4817   41.27249126892576  
4825   41.27249350976495  
4833   41.27248885492591  
4841   41.27248574587852  
4849   41.27249075119523  
4857   41.27249979286591  
4865   41.27248712491923  
4873   41.27248331683462  
4881   41.27249827520626  
4889   41.27248864197189  
4897   41.272481008229065  
4905   41.27248503410957  
4913   41.27248737576491  
4921   41.272485270554185  
4929   41.27248802680389  
4937   41.27249627796856  
4945   41.27248154345515  
4953   41.27248882580825  
4961   41.27248807232817  
4969   41.27250285181139  
4977   41.27249782615132  
4985   41.272484455881994  
4993   41.2724813811701  
5001   41.272482631759246  
5009   41.272497587576794  
5017   41.27248147725574  
5025   41.27248475964423  
5033   41.27248544113656  
5041   41.27249268300385  
5049   41.27248722471664  
5057   41.27249287906139  
5065   41.272496998882026  
5073   41.272483569563164  
5081   41.27249329993833  
5089   41.27249260208388  
5097   41.272486071400024  
5105   41.27248947238762  
